%YAML:1.0
---
K: !!opencv-matrix
   rows: 3
   cols: 3
   dt: d
   data: [ 7.2644902241025147e+02, 0., 3.2116033778234856e+02, 0.,
       7.5196868418963459e+02, 1.2654648425135801e+02, 0., 0., 1. ]
D: !!opencv-matrix
   rows: 1
   cols: 5
   dt: d
   data: [ -1.5208194457377433e-01, 1.0172676127363720e+00,
       -4.9809331509031787e-02, 5.2459245570589917e-03,
       -1.9417492169236403e+00 ]
