%YAML:1.0
---
K: !!opencv-matrix
   rows: 3
   cols: 3
   dt: d
   data: [ 7.0756979039535508e+02, 0., 2.1234686160855608e+02, 0.,
       7.0665943886429341e+02, 1.7241022115521190e+02, 0., 0., 1. ]
D: !!opencv-matrix
   rows: 1
   cols: 5
   dt: d
   data: [ -4.9221938283702482e-01, 2.5154855758627468e+00,
       -2.8978820892870724e-02, -1.1892098251839105e-02,
       -4.0756007952617086e+00 ]
