%YAML:1.0
---
K: !!opencv-matrix
   rows: 3
   cols: 3
   dt: d
   data: [ 6.0307195994847075e+02, 0., 3.0840290351343810e+02, 0.,
       5.8912094343379079e+02, 2.7349634667440120e+02, 0., 0., 1. ]
D: !!opencv-matrix
   rows: 1
   cols: 5
   dt: d
   data: [ 4.5749628381926133e-01, -3.4016030590926611e+00,
       9.6480999486841332e-03, -6.4520006285243583e-02,
       1.2601150226679618e+01 ]
